BHARTIARTL,20150108,09:16:00,356.9,358.4,354.95,357.6,34409
BHARTIARTL,20150108,09:17:00,357.6,358.5,357.6,358.25,12693
BHARTIARTL,20150108,09:18:00,358.25,358.8,358.25,358.55,15173
BHARTIARTL,20150108,09:19:00,358.35,358.6,358,358,11368
BHARTIARTL,20150108,09:20:00,358,358.3,357.6,357.65,5187
BHARTIARTL,20150108,09:21:00,357.8,358,356.35,357.05,17341
BHARTIARTL,20150108,09:22:00,357.05,357.75,356.55,357.3,12488
BHARTIARTL,20150108,09:23:00,357.3,357.75,356.25,357.35,37492
BHARTIARTL,20150108,09:24:00,357.35,357.35,356.6,357,28418
BHARTIARTL,20150108,09:25:00,357.25,357.35,356.9,357,15358
BHARTIARTL,20150108,09:26:00,356.9,358.55,356.85,358.55,19958
BHARTIARTL,20150108,09:27:00,358.65,359.7,358.65,359.5,33522
BHARTIARTL,20150108,09:28:00,359.5,359.65,359.25,359.4,11019
BHARTIARTL,20150108,09:29:00,359.35,359.4,359.3,359.3,11669
BHARTIARTL,20150108,09:30:00,359.3,359.8,359.3,359.7,17880
BHARTIARTL,20150108,09:31:00,359.65,360.35,359.45,359.45,20511
BHARTIARTL,20150108,09:32:00,359.35,359.8,359.35,359.55,9397
BHARTIARTL,20150108,09:33:00,359.65,359.65,359.1,359.15,510707
BHARTIARTL,20150108,09:34:00,359.15,359.55,359.15,359.3,7797
BHARTIARTL,20150108,09:35:00,359.35,359.8,359.3,359.7,7760
BHARTIARTL,20150108,09:36:00,359.8,359.8,359.2,359.7,9267
BHARTIARTL,20150108,09:37:00,359.7,359.8,359.25,359.65,5474
BHARTIARTL,20150108,09:38:00,359.65,359.65,359,359,5172
BHARTIARTL,20150108,09:39:00,359.05,359.8,359.05,359.7,5930
BHARTIARTL,20150108,09:40:00,359.6,359.8,359.4,359.4,6272
BHARTIARTL,20150108,09:41:00,359.5,359.8,359.5,359.7,5444
BHARTIARTL,20150108,09:42:00,359.7,359.85,359.55,359.65,4853
BHARTIARTL,20150108,09:43:00,359.5,359.65,357.4,357.4,19941
BHARTIARTL,20150108,09:44:00,357.55,358.9,357.55,358.7,11049
BHARTIARTL,20150108,09:45:00,358.6,359.5,358.6,359.05,9706
BHARTIARTL,20150108,09:46:00,359.05,359.8,359,359.6,10362
BHARTIARTL,20150108,09:47:00,359.6,360,358.95,359.9,56749
BHARTIARTL,20150108,09:48:00,359.8,360,359.7,359.95,17836
BHARTIARTL,20150108,09:49:00,359.95,360,359.4,359.6,6353
BHARTIARTL,20150108,09:50:00,359.5,359.8,359.5,359.75,5351
BHARTIARTL,20150108,09:51:00,359.75,360.05,359.75,360.05,3839
BHARTIARTL,20150108,09:52:00,360.05,360.25,359.95,360.2,5470
BHARTIARTL,20150108,09:53:00,360.2,360.2,359.35,360,11200
BHARTIARTL,20150108,09:54:00,360,360,359.5,360,7122
BHARTIARTL,20150108,09:55:00,359.95,359.95,359.6,359.8,6486
BHARTIARTL,20150108,09:56:00,359.65,360.1,359.65,360,109814
BHARTIARTL,20150108,09:57:00,360,360.1,359.8,359.8,2629
BHARTIARTL,20150108,09:58:00,360,360,359.95,359.95,2875
BHARTIARTL,20150108,09:59:00,360,360,359.85,359.95,2477
BHARTIARTL,20150108,10:00:00,359.95,359.95,359.8,359.85,2006
BHARTIARTL,20150108,10:01:00,359.85,359.9,359.85,359.85,2124
BHARTIARTL,20150108,10:02:00,359.85,359.9,359.85,359.9,2086
BHARTIARTL,20150108,10:03:00,359.85,360,359.8,359.85,3147
BHARTIARTL,20150108,10:04:00,359.85,359.95,359.85,359.9,3959
BHARTIARTL,20150108,10:05:00,359.9,359.9,359.7,359.9,3084
BHARTIARTL,20150108,10:06:00,359.9,360,359.8,359.9,4115
BHARTIARTL,20150108,10:07:00,359.9,359.9,359.55,359.9,4376
BHARTIARTL,20150108,10:08:00,359.9,359.95,359.55,359.6,2044
BHARTIARTL,20150108,10:09:00,359.85,360,359.6,359.65,4188
BHARTIARTL,20150108,10:10:00,359.95,360,359.8,359.9,1517
BHARTIARTL,20150108,10:11:00,359.95,360,359.85,360,2314
BHARTIARTL,20150108,10:12:00,360,360.4,359.8,360.4,3892
BHARTIARTL,20150108,10:13:00,360.4,360.45,360.2,360.35,2680
BHARTIARTL,20150108,10:14:00,360.45,360.7,360.05,360.05,403997
BHARTIARTL,20150108,10:15:00,360.2,360.45,360.05,360.45,3218
BHARTIARTL,20150108,10:16:00,360.45,360.5,360.05,360.1,3349
BHARTIARTL,20150108,10:17:00,360.2,360.4,360,360,157693
BHARTIARTL,20150108,10:18:00,360.2,360.25,360,360.25,4364
BHARTIARTL,20150108,10:19:00,360.25,360.5,360,360.3,4188
BHARTIARTL,20150108,10:20:00,360.3,360.5,359.85,360.1,5635
BHARTIARTL,20150108,10:21:00,360.1,360.2,360,360,2508
BHARTIARTL,20150108,10:22:00,360.05,360.25,359.65,360.05,16977
BHARTIARTL,20150108,10:23:00,360.15,360.4,359.95,360,17052
BHARTIARTL,20150108,10:24:00,360,360.2,360,360,9287
BHARTIARTL,20150108,10:25:00,360.1,360.8,359.8,360,21044
BHARTIARTL,20150108,10:26:00,360,360.4,359.9,360.15,524370
BHARTIARTL,20150108,10:27:00,360.15,360.2,359.8,359.8,76999
BHARTIARTL,20150108,10:28:00,360,360.3,360,360.05,7677
BHARTIARTL,20150108,10:29:00,360.05,360.35,360.05,360.35,5294
BHARTIARTL,20150108,10:30:00,360.35,360.35,360.1,360.1,6540
BHARTIARTL,20150108,10:31:00,360.05,360.3,360,360.3,2633
BHARTIARTL,20150108,10:32:00,360.3,360.45,360,360.25,3125
BHARTIARTL,20150108,10:33:00,360.25,360.45,360.25,360.4,1298
BHARTIARTL,20150108,10:34:00,360.4,360.45,360.4,360.4,4153
BHARTIARTL,20150108,10:35:00,360.4,360.4,360.2,360.35,1588
BHARTIARTL,20150108,10:36:00,360.4,360.4,360.15,360.25,2668
BHARTIARTL,20150108,10:37:00,360.35,360.45,360.25,360.45,7327
BHARTIARTL,20150108,10:38:00,360.45,360.8,360.4,360.7,4326
BHARTIARTL,20150108,10:39:00,360.7,360.7,360.35,360.45,3086
BHARTIARTL,20150108,10:40:00,360.3,360.5,360.3,360.5,1650
BHARTIARTL,20150108,10:41:00,360.5,360.5,360.3,360.5,3646
BHARTIARTL,20150108,10:42:00,360.5,360.5,360.2,360.2,3219
BHARTIARTL,20150108,10:43:00,360.45,360.5,360.15,360.3,1697
BHARTIARTL,20150108,10:44:00,360.45,360.55,360.3,360.55,1989
BHARTIARTL,20150108,10:45:00,360.55,360.55,360.2,360.45,4448
BHARTIARTL,20150108,10:46:00,360.15,360.5,360.15,360.5,2001
BHARTIARTL,20150108,10:47:00,360.2,360.5,360.05,360.1,4436
BHARTIARTL,20150108,10:48:00,360.1,360.45,360.1,360.15,1914
BHARTIARTL,20150108,10:49:00,360.15,360.45,360.15,360.3,1668
BHARTIARTL,20150108,10:50:00,360.3,360.45,360.15,360.3,2194
BHARTIARTL,20150108,10:51:00,360.4,360.4,360,360.3,4400
BHARTIARTL,20150108,10:52:00,360.05,360.35,360.05,360.05,3503
BHARTIARTL,20150108,10:53:00,360.05,360.25,359.85,360.2,5496
BHARTIARTL,20150108,10:54:00,360.2,360.2,360,360.1,4453
BHARTIARTL,20150108,10:55:00,360.25,360.25,359.85,360.2,4949
BHARTIARTL,20150108,10:56:00,360.2,360.2,359.85,360,4835
BHARTIARTL,20150108,10:57:00,360.2,360.4,360,360.35,4320
BHARTIARTL,20150108,10:58:00,360.1,360.5,360.1,360.4,2673
BHARTIARTL,20150108,10:59:00,360.2,360.45,360.15,360.35,4031
BHARTIARTL,20150108,11:00:00,360.15,360.5,360.15,360.4,3872
BHARTIARTL,20150108,11:01:00,360.45,360.5,360.4,360.45,2528
BHARTIARTL,20150108,11:02:00,360.45,360.5,360.4,360.45,1926
BHARTIARTL,20150108,11:03:00,360.45,361,360.45,361,6572
BHARTIARTL,20150108,11:04:00,360.95,361.4,360.9,361.35,11854
BHARTIARTL,20150108,11:05:00,361.25,361.3,361,361.1,4534
BHARTIARTL,20150108,11:06:00,361.05,361.35,361,361.3,1892
BHARTIARTL,20150108,11:07:00,361.4,361.4,360.8,361,8299
BHARTIARTL,20150108,11:08:00,361,361.1,360.75,361,4018
BHARTIARTL,20150108,11:09:00,361,361.1,360.8,361.1,2715
BHARTIARTL,20150108,11:10:00,361.1,361.1,361.05,361.1,2632
BHARTIARTL,20150108,11:11:00,361.05,361.4,361.05,361.4,3164
BHARTIARTL,20150108,11:12:00,361.4,361.6,361,361.4,4420
BHARTIARTL,20150108,11:13:00,361.4,361.55,360.85,361.25,4515
BHARTIARTL,20150108,11:14:00,361.1,361.5,361.1,361.25,2108
BHARTIARTL,20150108,11:15:00,361.25,361.4,360.95,360.95,3594
BHARTIARTL,20150108,11:16:00,360.95,361.6,360.95,361.1,8403
BHARTIARTL,20150108,11:17:00,361.05,361.7,361.05,361.55,2564
BHARTIARTL,20150108,11:18:00,361.55,361.85,361.55,361.8,2591
BHARTIARTL,20150108,11:19:00,361.75,361.9,361.75,361.85,3458
BHARTIARTL,20150108,11:20:00,361.85,361.9,361.75,361.9,3167
BHARTIARTL,20150108,11:21:00,361.8,362,361.8,361.95,13879
BHARTIARTL,20150108,11:22:00,361.95,362.5,361.9,362.5,10110
BHARTIARTL,20150108,11:23:00,362.35,362.5,362.35,362.5,4328
BHARTIARTL,20150108,11:24:00,362.5,362.65,362.45,362.45,5298
BHARTIARTL,20150108,11:25:00,362.45,362.45,361.7,362,7274
BHARTIARTL,20150108,11:26:00,362,362.25,361.8,362.25,4138
BHARTIARTL,20150108,11:27:00,362.25,362.3,362,362.05,6052
BHARTIARTL,20150108,11:28:00,362.1,362.2,362.05,362.2,4048
BHARTIARTL,20150108,11:29:00,362.2,362.25,362,362.2,2662
BHARTIARTL,20150108,11:30:00,362.1,362.35,362.1,362.25,4097
BHARTIARTL,20150108,11:31:00,362.35,362.5,362.25,362.5,2870
BHARTIARTL,20150108,11:32:00,362.45,362.5,362.1,362.3,3329
BHARTIARTL,20150108,11:33:00,362.3,362.3,362,362.2,4298
BHARTIARTL,20150108,11:34:00,362.15,362.2,362,362,3378
BHARTIARTL,20150108,11:35:00,362,362.25,361.85,361.85,13109
BHARTIARTL,20150108,11:36:00,362,362.05,361.9,361.95,4525
BHARTIARTL,20150108,11:37:00,361.95,362.15,361.7,361.85,4090
BHARTIARTL,20150108,11:38:00,361.85,362,361.7,361.75,4870
BHARTIARTL,20150108,11:39:00,361.75,362.1,361.75,361.85,3056
BHARTIARTL,20150108,11:40:00,361.8,362,361.8,361.85,2241
BHARTIARTL,20150108,11:41:00,361.85,362,361.85,362,2151
BHARTIARTL,20150108,11:42:00,361.95,362,361.9,361.95,1761
BHARTIARTL,20150108,11:43:00,361.95,361.95,361.75,361.75,2694
BHARTIARTL,20150108,11:44:00,361.8,362.3,361.8,362.3,2345
BHARTIARTL,20150108,11:45:00,362.1,362.35,362.1,362.3,2409
BHARTIARTL,20150108,11:46:00,362.2,362.35,362.2,362.35,2073
BHARTIARTL,20150108,11:47:00,362.35,362.5,362.3,362.3,3721
BHARTIARTL,20150108,11:48:00,362.5,362.5,362,362.15,2540
BHARTIARTL,20150108,11:49:00,362.1,362.4,362.1,362.35,1562
BHARTIARTL,20150108,11:50:00,362.35,362.35,362.1,362.3,2310
BHARTIARTL,20150108,11:51:00,362.2,362.45,362.2,362.45,2054
BHARTIARTL,20150108,11:52:00,362.35,362.5,362.1,362.4,3247
BHARTIARTL,20150108,11:53:00,362.2,362.45,362.1,362.1,2738
BHARTIARTL,20150108,11:54:00,362.25,362.35,362.1,362.15,1906
BHARTIARTL,20150108,11:55:00,362.25,362.35,362.05,362.2,2839
BHARTIARTL,20150108,11:56:00,362.2,362.25,362.05,362.05,2144
BHARTIARTL,20150108,11:57:00,362.05,362.25,362.05,362.15,2360
BHARTIARTL,20150108,11:58:00,362.1,362.2,362.1,362.2,1997
BHARTIARTL,20150108,11:59:00,362.2,362.2,362.1,362.15,2534
BHARTIARTL,20150108,12:00:00,362.1,362.25,362.1,362.2,1864
BHARTIARTL,20150108,12:01:00,362.1,362.5,362.1,362.45,3141
BHARTIARTL,20150108,12:02:00,362.35,362.5,362.35,362.4,3221
BHARTIARTL,20150108,12:03:00,362.4,362.5,360.6,361.15,13287
BHARTIARTL,20150108,12:04:00,361.15,361.7,361.15,361.65,3510
BHARTIARTL,20150108,12:05:00,361.65,361.7,361.55,361.55,2285
BHARTIARTL,20150108,12:06:00,361.55,361.7,361.55,361.7,2277
BHARTIARTL,20150108,12:07:00,361.65,361.7,361.35,361.4,3006
BHARTIARTL,20150108,12:08:00,361.35,361.6,361.35,361.4,3961
BHARTIARTL,20150108,12:09:00,361.45,361.65,361.45,361.65,2110
BHARTIARTL,20150108,12:10:00,361.6,361.9,361.6,361.85,2241
BHARTIARTL,20150108,12:11:00,361.85,362,361.75,361.95,3090
BHARTIARTL,20150108,12:12:00,361.95,361.95,361.35,361.5,3676
BHARTIARTL,20150108,12:13:00,361.5,361.75,361.5,361.75,3185
BHARTIARTL,20150108,12:14:00,361.7,362,361.7,362,2581
BHARTIARTL,20150108,12:15:00,361.7,362.45,361.7,362.45,4643
BHARTIARTL,20150108,12:16:00,362.4,362.45,362,362.05,3735
BHARTIARTL,20150108,12:17:00,362.05,362.5,362,362.05,7462
BHARTIARTL,20150108,12:18:00,362.05,362.3,362.05,362.15,2509
BHARTIARTL,20150108,12:19:00,362.2,362.25,362,362.1,2993
BHARTIARTL,20150108,12:20:00,362.1,362.15,362,362.05,3103
BHARTIARTL,20150108,12:21:00,362,362.4,362,362.2,2878
BHARTIARTL,20150108,12:22:00,362.05,362.2,362,362.15,2333
BHARTIARTL,20150108,12:23:00,362.15,362.15,362.05,362.1,2443
BHARTIARTL,20150108,12:24:00,362.05,362.15,361.15,361.65,8517
BHARTIARTL,20150108,12:25:00,361.65,361.8,361.55,361.55,3186
BHARTIARTL,20150108,12:26:00,361.6,361.85,361.15,361.65,4976
BHARTIARTL,20150108,12:27:00,361.6,361.65,361.5,361.55,2496
BHARTIARTL,20150108,12:28:00,361.55,361.95,361.5,361.8,3670
BHARTIARTL,20150108,12:29:00,361.7,362,361.7,361.75,5414
BHARTIARTL,20150108,12:30:00,361.75,361.8,361.5,361.7,4579
BHARTIARTL,20150108,12:31:00,361.65,361.95,361.65,361.85,3467
BHARTIARTL,20150108,12:32:00,361.8,362,361.15,361.4,8332
BHARTIARTL,20150108,12:33:00,361.4,361.55,361.35,361.35,6016
BHARTIARTL,20150108,12:34:00,361.45,361.5,361.2,361.3,7343
BHARTIARTL,20150108,12:35:00,361.25,361.75,361.25,361.25,7878
BHARTIARTL,20150108,12:36:00,361.3,361.65,361.25,361.65,5982
BHARTIARTL,20150108,12:37:00,361.6,361.65,360.8,360.8,14348
BHARTIARTL,20150108,12:38:00,360.5,361.25,360.1,361.2,12986
BHARTIARTL,20150108,12:39:00,361.2,361.25,361.1,361.2,412171
BHARTIARTL,20150108,12:40:00,361.2,361.75,361.2,361.7,584462
BHARTIARTL,20150108,12:41:00,361.65,361.8,361.2,361.3,10229
BHARTIARTL,20150108,12:42:00,361.25,362,361.25,361.65,12835
BHARTIARTL,20150108,12:43:00,361.5,361.6,361.4,361.45,8520
BHARTIARTL,20150108,12:44:00,361.4,361.6,361.1,361.35,10339
BHARTIARTL,20150108,12:45:00,361.35,361.65,361.35,361.5,11498
BHARTIARTL,20150108,12:46:00,361.45,361.65,361.45,361.55,13413
BHARTIARTL,20150108,12:47:00,361.5,361.75,361.45,361.5,13469
BHARTIARTL,20150108,12:48:00,361.5,361.6,361.05,361.35,13746
BHARTIARTL,20150108,12:49:00,361.35,361.8,361.1,361.4,19178
BHARTIARTL,20150108,12:50:00,361.4,361.65,361.3,361.35,11352
BHARTIARTL,20150108,12:51:00,361.4,361.55,361.1,361.1,13402
BHARTIARTL,20150108,12:52:00,361.3,361.9,361.3,361.5,16251
BHARTIARTL,20150108,12:53:00,361.8,361.8,361.4,361.55,13258
BHARTIARTL,20150108,12:54:00,361.55,361.65,361.3,361.5,8141
BHARTIARTL,20150108,12:55:00,361.45,361.7,361.45,361.5,9714
BHARTIARTL,20150108,12:56:00,361.5,361.7,361.45,361.45,10547
BHARTIARTL,20150108,12:57:00,361.5,361.7,361.45,361.5,7183
BHARTIARTL,20150108,12:58:00,361.45,361.95,361.45,361.7,13719
BHARTIARTL,20150108,12:59:00,361.75,362.3,361.7,362.3,10595
BHARTIARTL,20150108,13:00:00,362.3,362.5,362.2,362.4,13216
BHARTIARTL,20150108,13:01:00,362.45,362.6,362.2,362.4,11493
BHARTIARTL,20150108,13:02:00,362.35,362.5,362.35,362.45,5962
BHARTIARTL,20150108,13:03:00,362.5,362.65,362.45,362.6,7891
BHARTIARTL,20150108,13:04:00,362.65,362.8,362.25,362.4,11870
BHARTIARTL,20150108,13:05:00,362.45,362.45,362.3,362.4,4946
BHARTIARTL,20150108,13:06:00,362.45,362.8,362.35,362.5,8876
BHARTIARTL,20150108,13:07:00,362.45,362.65,361.65,361.75,8918
BHARTIARTL,20150108,13:08:00,361.75,362.3,361.75,362.3,8430
BHARTIARTL,20150108,13:09:00,362.3,362.75,362.1,362.65,8928
BHARTIARTL,20150108,13:10:00,362.75,362.75,362.4,362.45,9596
BHARTIARTL,20150108,13:11:00,362.5,362.7,362.2,362.25,8788
BHARTIARTL,20150108,13:12:00,362.25,362.35,361.9,361.9,7194
BHARTIARTL,20150108,13:13:00,361.8,362,361.75,361.95,5783
BHARTIARTL,20150108,13:14:00,361.9,362.45,361.9,362.25,12997
BHARTIARTL,20150108,13:15:00,362.2,362.45,361.7,361.7,8960
BHARTIARTL,20150108,13:16:00,361.8,362.1,361.8,362,6435
BHARTIARTL,20150108,13:17:00,362.05,362.15,361.7,361.7,10200
BHARTIARTL,20150108,13:18:00,361.8,362.1,361.8,362.1,4869
BHARTIARTL,20150108,13:19:00,362.1,362.3,362.05,362.3,8521
BHARTIARTL,20150108,13:20:00,362.25,362.25,361.9,361.95,7772
BHARTIARTL,20150108,13:21:00,361.9,362.9,361.9,362.65,16106
BHARTIARTL,20150108,13:22:00,362.55,362.65,361.6,361.65,14632
BHARTIARTL,20150108,13:23:00,361.55,361.8,360.45,360.45,42684
BHARTIARTL,20150108,13:24:00,360.45,360.5,360.05,360.2,23068
BHARTIARTL,20150108,13:25:00,360.3,361,360.3,361,6942
BHARTIARTL,20150108,13:26:00,361,361,360.95,360.95,8615
BHARTIARTL,20150108,13:27:00,361,361,360.9,361,8352
BHARTIARTL,20150108,13:28:00,360.95,361,360.8,360.8,14697
BHARTIARTL,20150108,13:29:00,360.6,360.95,360.55,360.95,5098
BHARTIARTL,20150108,13:30:00,360.95,361,360.85,361,8334
BHARTIARTL,20150108,13:31:00,360.95,361,360.5,360.85,9168
BHARTIARTL,20150108,13:32:00,360.8,360.9,360.75,360.9,4987
BHARTIARTL,20150108,13:33:00,360.95,361.15,360.85,360.9,16365
BHARTIARTL,20150108,13:34:00,360.9,361.05,360.75,360.8,6837
BHARTIARTL,20150108,13:35:00,360.9,360.9,360.8,360.85,4835
BHARTIARTL,20150108,13:36:00,360.8,361.05,360.8,361,8563
BHARTIARTL,20150108,13:37:00,360.95,361.05,360.75,360.95,5439
BHARTIARTL,20150108,13:38:00,360.9,361.05,360.9,360.95,5646
BHARTIARTL,20150108,13:39:00,361,361.05,360.95,360.95,2834
BHARTIARTL,20150108,13:40:00,361,361.15,360.85,360.95,8451
BHARTIARTL,20150108,13:41:00,360.9,361.05,360.85,361,9365
BHARTIARTL,20150108,13:42:00,360.95,361.25,360.75,361.2,18294
BHARTIARTL,20150108,13:43:00,360.8,361.2,360.8,361,11328
BHARTIARTL,20150108,13:44:00,360.95,361.05,360.95,361,5009
BHARTIARTL,20150108,13:45:00,360.95,361,360.75,360.9,6612
BHARTIARTL,20150108,13:46:00,360.95,361.1,360.95,361.1,6329
BHARTIARTL,20150108,13:47:00,361.1,361.1,360,360.4,13087
BHARTIARTL,20150108,13:48:00,360.3,361,360.3,360.95,6200
BHARTIARTL,20150108,13:49:00,361,361.05,360.65,360.8,8946
BHARTIARTL,20150108,13:50:00,360.8,361.1,360.8,361,8249
BHARTIARTL,20150108,13:51:00,360.95,361.1,360.65,360.65,7114
BHARTIARTL,20150108,13:52:00,360.75,360.8,360.7,360.8,2545
BHARTIARTL,20150108,13:53:00,360.75,361,360.75,361,5380
BHARTIARTL,20150108,13:54:00,360.95,361.05,360.95,361,4163
BHARTIARTL,20150108,13:55:00,360.95,361.1,360.5,360.6,28423
BHARTIARTL,20150108,13:56:00,360.65,360.9,360.5,360.9,16403
BHARTIARTL,20150108,13:57:00,360.9,361.1,360.9,360.95,24177
BHARTIARTL,20150108,13:58:00,361,361.05,360.95,361,4446
BHARTIARTL,20150108,13:59:00,360.95,361.1,360.5,360.6,9391
BHARTIARTL,20150108,14:00:00,360.55,360.7,360.55,360.65,9818
BHARTIARTL,20150108,14:01:00,360.65,361,360.6,360.95,3500
BHARTIARTL,20150108,14:02:00,361,361,360.5,360.95,7289
BHARTIARTL,20150108,14:03:00,360.95,361.1,360.85,360.95,8659
BHARTIARTL,20150108,14:04:00,360.9,360.95,360.85,360.85,5007
BHARTIARTL,20150108,14:05:00,360.8,361.05,360.8,361.05,5986
BHARTIARTL,20150108,14:06:00,361,361.05,360.95,361,16623
BHARTIARTL,20150108,14:07:00,360.95,361.15,360.95,361,12944
BHARTIARTL,20150108,14:08:00,360.95,361.1,360.95,360.95,11768
BHARTIARTL,20150108,14:09:00,361,361.05,360.95,360.95,7154
BHARTIARTL,20150108,14:10:00,361,361.25,360.95,360.95,12392
BHARTIARTL,20150108,14:11:00,360.95,361,360.95,361,4805
BHARTIARTL,20150108,14:12:00,361.05,361.15,361,361,10927
BHARTIARTL,20150108,14:13:00,360.95,361.15,360.95,361.15,6739
BHARTIARTL,20150108,14:14:00,361.15,361.15,361.1,361.15,11492
BHARTIARTL,20150108,14:15:00,361.15,361.45,360.95,360.95,47095
BHARTIARTL,20150108,14:16:00,361,361.1,360.95,360.95,6366
BHARTIARTL,20150108,14:17:00,361,361,360.95,361,3418
BHARTIARTL,20150108,14:18:00,361,361.1,360.95,361.1,5164
BHARTIARTL,20150108,14:19:00,361.1,361.1,360.65,360.65,11760
BHARTIARTL,20150108,14:20:00,360.6,361.1,360.6,361.05,3793
BHARTIARTL,20150108,14:21:00,361.05,361.1,360.95,360.95,6308
BHARTIARTL,20150108,14:22:00,361,361.15,361,361.1,3888
BHARTIARTL,20150108,14:23:00,361.15,361.15,360.9,360.95,7351
BHARTIARTL,20150108,14:24:00,360.9,360.95,360.9,360.95,7282
BHARTIARTL,20150108,14:25:00,360.9,361.1,360.9,361.1,7394
BHARTIARTL,20150108,14:26:00,361.05,361.1,360.95,361,9171
BHARTIARTL,20150108,14:27:00,360.95,361.25,360.8,360.8,7996
BHARTIARTL,20150108,14:28:00,360.85,361,360.85,361,3806
BHARTIARTL,20150108,14:29:00,361,361.1,360.95,361.05,6525
BHARTIARTL,20150108,14:30:00,361,361.05,360.9,360.9,5012
BHARTIARTL,20150108,14:31:00,360.9,361.05,360.9,361,4837
BHARTIARTL,20150108,14:32:00,360.95,361.2,360.95,361.15,5823
BHARTIARTL,20150108,14:33:00,361.1,361.15,361,361,11365
BHARTIARTL,20150108,14:34:00,361.05,361.1,360.95,360.95,16539
BHARTIARTL,20150108,14:35:00,361,361.25,360.95,361.2,5652
BHARTIARTL,20150108,14:36:00,361.2,361.25,361,361,9414
BHARTIARTL,20150108,14:37:00,361,361.1,360.95,361,9515
BHARTIARTL,20150108,14:38:00,360.85,361.2,360.85,361,61962
BHARTIARTL,20150108,14:39:00,361,361.15,361,361.1,55782
BHARTIARTL,20150108,14:40:00,361.05,361.1,360.9,360.9,22271
BHARTIARTL,20150108,14:41:00,360.95,361,360.8,361,4212
BHARTIARTL,20150108,14:42:00,361.05,361.15,360.85,360.95,6500
BHARTIARTL,20150108,14:43:00,360.9,361.1,360.9,360.95,4805
BHARTIARTL,20150108,14:44:00,361,361.1,360.95,361.1,3918
BHARTIARTL,20150108,14:45:00,361.05,361.1,360.9,360.95,6399
BHARTIARTL,20150108,14:46:00,360.9,361.1,360.9,361.1,11117
BHARTIARTL,20150108,14:47:00,361.05,361.1,361,361,6550
BHARTIARTL,20150108,14:48:00,361,361,360.8,360.9,3590
BHARTIARTL,20150108,14:49:00,360.9,361,360.85,361,3101
BHARTIARTL,20150108,14:50:00,361,361.1,360.95,361,5871
BHARTIARTL,20150108,14:51:00,361,361.05,360.95,361,4764
BHARTIARTL,20150108,14:52:00,361,361.05,360.9,361,20186
BHARTIARTL,20150108,14:53:00,361,361,360.95,361,6419
BHARTIARTL,20150108,14:54:00,361,361.25,361,361.25,7128
BHARTIARTL,20150108,14:55:00,361.25,361.25,361.2,361.25,4786
BHARTIARTL,20150108,14:56:00,361.25,361.25,361.2,361.25,4669
BHARTIARTL,20150108,14:57:00,361.25,361.5,361.2,361.5,9752
BHARTIARTL,20150108,14:58:00,361.5,361.5,361.45,361.5,4991
BHARTIARTL,20150108,14:59:00,361.45,361.5,361.05,361.1,8398
BHARTIARTL,20150108,15:00:00,361.05,361.4,361.05,361.4,3786
BHARTIARTL,20150108,15:01:00,361.4,361.75,361.35,361.7,14630
BHARTIARTL,20150108,15:02:00,361.8,361.95,361.75,361.95,11062
BHARTIARTL,20150108,15:03:00,361.95,362,361.65,361.8,14669
BHARTIARTL,20150108,15:04:00,361.85,361.95,361.55,361.7,15719
BHARTIARTL,20150108,15:05:00,361.75,361.9,361.7,361.7,15371
BHARTIARTL,20150108,15:06:00,361.75,361.95,361.2,361.75,21630
BHARTIARTL,20150108,15:07:00,361.65,362,361.65,362,16546
BHARTIARTL,20150108,15:08:00,362,362,361.2,361.45,21166
BHARTIARTL,20150108,15:09:00,361.75,361.95,361.1,361.2,21559
BHARTIARTL,20150108,15:10:00,361.4,361.5,361.35,361.4,18459
BHARTIARTL,20150108,15:11:00,361.45,361.45,360.15,360.2,21076
BHARTIARTL,20150108,15:12:00,360.6,361.5,360.5,361.25,131858
BHARTIARTL,20150108,15:13:00,361.25,361.25,360.6,360.95,32846
BHARTIARTL,20150108,15:14:00,360.85,360.9,360.6,360.7,25451
BHARTIARTL,20150108,15:15:00,360.7,360.8,360.6,360.75,70067
BHARTIARTL,20150108,15:16:00,360.75,361,360.75,360.9,44720
BHARTIARTL,20150108,15:17:00,360.9,361.45,360.75,360.95,34650
BHARTIARTL,20150108,15:18:00,361,361.5,361,361.35,35364
BHARTIARTL,20150108,15:19:00,361.35,361.5,361.2,361.2,34229
BHARTIARTL,20150108,15:20:00,361.25,361.3,361,361,52710
BHARTIARTL,20150108,15:21:00,361.15,361.5,361,361,26047
BHARTIARTL,20150108,15:22:00,361.3,361.5,360.6,361.2,42870
BHARTIARTL,20150108,15:23:00,361.2,361.45,360.6,360.85,23994
BHARTIARTL,20150108,15:24:00,360.85,361,360.6,360.65,33271
BHARTIARTL,20150108,15:25:00,360.95,361.35,360.7,360.85,21927
BHARTIARTL,20150108,15:26:00,360.9,361.15,360.6,360.6,25011
BHARTIARTL,20150108,15:27:00,360.9,361.2,360.7,361.05,34660
BHARTIARTL,20150108,15:28:00,361.05,362,361.05,361.3,27752
BHARTIARTL,20150108,15:29:00,361.3,362.95,360.9,360.95,48202
BHARTIARTL,20150108,15:30:00,360.6,360.95,359.15,359.5,14130
BHARTIARTL,20150109,09:16:00,362.95,364,362.25,363.9,26313
BHARTIARTL,20150109,09:17:00,363.95,364.15,363,363.45,17666
BHARTIARTL,20150109,09:18:00,363.3,363.9,363.3,363.9,7519
BHARTIARTL,20150109,09:19:00,363.8,364.45,363.8,364.45,10505
BHARTIARTL,20150109,09:20:00,364.4,364.9,364.35,364.9,14245
BHARTIARTL,20150109,09:21:00,364.8,364.9,363.25,363.85,13971
BHARTIARTL,20150109,09:22:00,363.9,364.4,363.8,364.4,6543
BHARTIARTL,20150109,09:23:00,364.4,364.5,363.2,363.3,6398
BHARTIARTL,20150109,09:24:00,363.4,363.65,362.25,362.35,12938
BHARTIARTL,20150109,09:25:00,362.3,362.85,360.2,361,42657
BHARTIARTL,20150109,09:26:00,361.05,361.55,359.8,359.8,17656
BHARTIARTL,20150109,09:27:00,359.85,360.35,359.65,360.1,14991
BHARTIARTL,20150109,09:28:00,360.05,361.55,360,361.55,8703
BHARTIARTL,20150109,09:29:00,361.45,361.9,361.35,361.55,10428
BHARTIARTL,20150109,09:30:00,361.45,362,361,361.25,7813
BHARTIARTL,20150109,09:31:00,361,361.65,360.6,360.6,14805
BHARTIARTL,20150109,09:32:00,360.65,360.85,360.55,360.75,5354
BHARTIARTL,20150109,09:33:00,360.75,360.95,360.25,360.25,6833
BHARTIARTL,20150109,09:34:00,360.35,360.35,358.65,358.65,24205
BHARTIARTL,20150109,09:35:00,358.5,359.2,358.5,359.15,11188
BHARTIARTL,20150109,09:36:00,359.05,359.25,358.65,358.8,12622
BHARTIARTL,20150109,09:37:00,358.8,359.5,358.8,359.15,18647
BHARTIARTL,20150109,09:38:00,359.05,359.3,357.8,358,25097
BHARTIARTL,20150109,09:39:00,358.2,358.3,357.7,358.3,11287
BHARTIARTL,20150109,09:40:00,358.3,358.4,357.15,357.95,16808
BHARTIARTL,20150109,09:41:00,357.85,358.3,357.65,358.25,6025
BHARTIARTL,20150109,09:42:00,358.3,359.1,358.25,358.65,10955
BHARTIARTL,20150109,09:43:00,358.65,358.85,358.15,358.55,8259
BHARTIARTL,20150109,09:44:00,358.5,359.3,358.5,358.85,7013
BHARTIARTL,20150109,09:45:00,358.9,359.35,358.8,358.95,7381
BHARTIARTL,20150109,09:46:00,359.2,359.3,358.95,359,4580
BHARTIARTL,20150109,09:47:00,359.1,359.8,359.05,359.45,6989
BHARTIARTL,20150109,09:48:00,359.6,359.6,358.8,359.4,8669
BHARTIARTL,20150109,09:49:00,359.2,359.45,358.75,358.75,5376
BHARTIARTL,20150109,09:50:00,358.95,358.95,357.7,358.25,22574
BHARTIARTL,20150109,09:51:00,358.4,358.4,356.8,356.9,12613
BHARTIARTL,20150109,09:52:00,356.9,358,356.8,358,7579
BHARTIARTL,20150109,09:53:00,358,358.6,357.85,358.45,4851
BHARTIARTL,20150109,09:54:00,358.3,358.7,357.35,357.6,8902
BHARTIARTL,20150109,09:55:00,357.65,358,357.3,357.5,6573
BHARTIARTL,20150109,09:56:00,357.6,357.9,357.55,357.65,6077
BHARTIARTL,20150109,09:57:00,357.75,357.95,357.6,357.85,5910
BHARTIARTL,20150109,09:58:00,357.95,358.8,357.95,358.45,6014
BHARTIARTL,20150109,09:59:00,358.45,359,357.45,357.85,7357
BHARTIARTL,20150109,10:00:00,357.75,358.75,357.75,358.15,5031
BHARTIARTL,20150109,10:01:00,358.4,358.5,358.15,358.5,4681
BHARTIARTL,20150109,10:02:00,358.5,358.8,358.35,358.7,5978
BHARTIARTL,20150109,10:03:00,358.7,359.2,358.55,359.1,4644
BHARTIARTL,20150109,10:04:00,359.2,359.4,358.2,358.2,8349
BHARTIARTL,20150109,10:05:00,358.25,358.75,358.2,358.75,3969
BHARTIARTL,20150109,10:06:00,358.75,358.75,358.35,358.35,4749
BHARTIARTL,20150109,10:07:00,358.45,358.65,358.35,358.45,2657
BHARTIARTL,20150109,10:08:00,358.4,358.85,358.35,358.55,3257
BHARTIARTL,20150109,10:09:00,358.8,358.9,358.75,358.75,2666
BHARTIARTL,20150109,10:10:00,358.75,358.75,358.15,358.25,10676
BHARTIARTL,20150109,10:11:00,358.25,358.35,357.9,357.95,7728
BHARTIARTL,20150109,10:12:00,357.6,357.85,357.1,357.3,13585
BHARTIARTL,20150109,10:13:00,357.15,357.8,357.15,357.65,3391
BHARTIARTL,20150109,10:14:00,357.8,358.5,357.8,358.5,4140
BHARTIARTL,20150109,10:15:00,358.5,358.55,358.45,358.55,3426
BHARTIARTL,20150109,10:16:00,358.5,358.55,358.4,358.55,2209
BHARTIARTL,20150109,10:17:00,358.55,358.55,357.65,357.85,6001
BHARTIARTL,20150109,10:18:00,357.85,358.35,357.75,358.35,2929
BHARTIARTL,20150109,10:19:00,358.35,358.6,358.35,358.6,4987
BHARTIARTL,20150109,10:20:00,358.55,358.75,358.25,358.5,3908
BHARTIARTL,20150109,10:21:00,358.4,358.45,358.15,358.4,2363
BHARTIARTL,20150109,10:22:00,358.4,358.7,358.3,358.6,3022
BHARTIARTL,20150109,10:23:00,358.6,358.75,358.6,358.7,2182
BHARTIARTL,20150109,10:24:00,358.6,358.7,357.55,357.75,6249
BHARTIARTL,20150109,10:25:00,357.8,358,357.75,357.9,2388
BHARTIARTL,20150109,10:26:00,357.9,358,357.75,358,1160
BHARTIARTL,20150109,10:27:00,357.85,358,357.7,357.7,1313
BHARTIARTL,20150109,10:28:00,357.7,357.95,357.5,357.85,2235
BHARTIARTL,20150109,10:29:00,358.35,358.35,357.75,357.75,4124
BHARTIARTL,20150109,10:30:00,357.7,358,357.7,357.9,3214
BHARTIARTL,20150109,10:31:00,357.85,358.15,357.85,358,3003
BHARTIARTL,20150109,10:32:00,357.75,357.95,357.55,357.7,3783
BHARTIARTL,20150109,10:33:00,357.55,361.5,357.55,360.6,52505
BHARTIARTL,20150109,10:34:00,360.6,361.95,360.6,361.35,47102
BHARTIARTL,20150109,10:35:00,361.35,362.8,360.9,362.2,57181
BHARTIARTL,20150109,10:36:00,362.15,362.3,358.85,358.95,37211
BHARTIARTL,20150109,10:37:00,358.65,358.8,357.55,358.75,25005
BHARTIARTL,20150109,10:38:00,359.05,360,358.7,359.25,32404
BHARTIARTL,20150109,10:39:00,359.25,359.9,359.2,359.6,16089
BHARTIARTL,20150109,10:40:00,359.4,360.8,359.4,360.4,22082
BHARTIARTL,20150109,10:41:00,360.3,360.35,359.5,359.5,12370
BHARTIARTL,20150109,10:42:00,359.5,359.5,357.8,357.85,27998
BHARTIARTL,20150109,10:43:00,357.85,358.1,357.7,358.05,12590
BHARTIARTL,20150109,10:44:00,357.95,359,357.95,358.9,8029
BHARTIARTL,20150109,10:45:00,358.9,359.2,358.85,359.2,8393
BHARTIARTL,20150109,10:46:00,359.15,359.6,359.1,359.5,11558
BHARTIARTL,20150109,10:47:00,359.4,359.5,359.25,359.35,7397
BHARTIARTL,20150109,10:48:00,359.35,359.85,359.1,359.4,13735
BHARTIARTL,20150109,10:49:00,359.35,360.05,359.35,360,13748
BHARTIARTL,20150109,10:50:00,360.15,361.05,360,360.65,38193
BHARTIARTL,20150109,10:51:00,360.55,361.05,360.55,361,53795
BHARTIARTL,20150109,10:52:00,360.9,361.1,360.8,361,12921
BHARTIARTL,20150109,10:53:00,361,361.15,360.9,361,8432
BHARTIARTL,20150109,10:54:00,361,361.1,360.75,360.8,7824
BHARTIARTL,20150109,10:55:00,360.8,361,360.75,360.9,5739
BHARTIARTL,20150109,10:56:00,360.9,361,360.6,360.65,6016
BHARTIARTL,20150109,10:57:00,360.6,361,360.5,360.95,5825
BHARTIARTL,20150109,10:58:00,360.95,361.75,360.95,361.6,13888
BHARTIARTL,20150109,10:59:00,361.6,361.6,360.85,361.05,16147
BHARTIARTL,20150109,11:00:00,361.05,361.2,360.8,360.8,8036
BHARTIARTL,20150109,11:01:00,360.9,361.2,360.75,361.15,6752
BHARTIARTL,20150109,11:02:00,361.15,361.4,361.1,361.2,5773
BHARTIARTL,20150109,11:03:00,361.35,361.4,361.1,361.35,6479
BHARTIARTL,20150109,11:04:00,361.25,361.5,361.25,361.4,6837
BHARTIARTL,20150109,11:05:00,361.35,361.8,361.35,361.75,7063
BHARTIARTL,20150109,11:06:00,361.75,361.8,361.5,361.65,6590
BHARTIARTL,20150109,11:07:00,361.6,361.9,360.9,361.45,14415
BHARTIARTL,20150109,11:08:00,361.45,361.65,361,361,8558
BHARTIARTL,20150109,11:09:00,360.85,361,360.7,360.75,5917
BHARTIARTL,20150109,11:10:00,360.75,360.8,360.5,360.75,6244
BHARTIARTL,20150109,11:11:00,360.75,361.45,360.7,360.75,15908
BHARTIARTL,20150109,11:12:00,360.75,361,360.75,360.75,3725
BHARTIARTL,20150109,11:13:00,360.75,360.95,360.75,360.95,3645
BHARTIARTL,20150109,11:14:00,360.9,361.7,360.9,361.6,15078
BHARTIARTL,20150109,11:15:00,361.55,361.6,360.85,360.9,7973
BHARTIARTL,20150109,11:16:00,360.95,361,360.9,360.9,4002
BHARTIARTL,20150109,11:17:00,360.85,361,360.85,360.95,2834
BHARTIARTL,20150109,11:18:00,361.1,361.1,360.6,360.75,4161
BHARTIARTL,20150109,11:19:00,360.8,360.85,359.95,359.95,13608
BHARTIARTL,20150109,11:20:00,360,360.2,359.6,359.85,5555
BHARTIARTL,20150109,11:21:00,360,360,358.95,359.55,15362
BHARTIARTL,20150109,11:22:00,359.6,360,359.6,359.65,5486
BHARTIARTL,20150109,11:23:00,359.6,359.85,359.6,359.85,6217
BHARTIARTL,20150109,11:24:00,359.55,360,359,359.3,8644
BHARTIARTL,20150109,11:25:00,359.3,359.6,359,359.1,10146
BHARTIARTL,20150109,11:26:00,359,359.1,358,358.25,15089
BHARTIARTL,20150109,11:27:00,358.25,359,358,358.6,12519
BHARTIARTL,20150109,11:28:00,358.6,359.2,358.6,359.1,6072
BHARTIARTL,20150109,11:29:00,359.1,359.2,358.3,358.3,12315
BHARTIARTL,20150109,11:30:00,358.3,358.4,358.1,358.15,5526
BHARTIARTL,20150109,11:31:00,358.15,358.2,357.6,357.7,12027
BHARTIARTL,20150109,11:32:00,357.85,358.25,357.7,358.1,9031
BHARTIARTL,20150109,11:33:00,358.1,358.15,356.85,356.85,16497
BHARTIARTL,20150109,11:34:00,356.85,357.5,356.85,357.05,7893
BHARTIARTL,20150109,11:35:00,357.1,357.45,357,357.2,9608
BHARTIARTL,20150109,11:36:00,357.2,357.95,357.1,357.95,3626
BHARTIARTL,20150109,11:37:00,357.8,358.05,357.65,357.7,4653
BHARTIARTL,20150109,11:38:00,357.7,357.95,357.65,357.7,5421
BHARTIARTL,20150109,11:39:00,357.5,357.6,357.25,357.5,4298
BHARTIARTL,20150109,11:40:00,357.5,358.05,357.5,357.85,3073
BHARTIARTL,20150109,11:41:00,358.1,358.3,357.85,358.25,3515
BHARTIARTL,20150109,11:42:00,358.25,358.8,358.25,358.75,3789
BHARTIARTL,20150109,11:43:00,358.75,358.85,358.75,358.85,5334
BHARTIARTL,20150109,11:44:00,358.8,358.85,357.5,357.5,6436
BHARTIARTL,20150109,11:45:00,357.5,357.55,357.45,357.45,3109
BHARTIARTL,20150109,11:46:00,357.5,358.05,357.35,358,6085
BHARTIARTL,20150109,11:47:00,358,358.05,357.85,358.05,3062
BHARTIARTL,20150109,11:48:00,358.1,358.2,357.9,358,3166
BHARTIARTL,20150109,11:49:00,358,358.15,357.55,358,5142
BHARTIARTL,20150109,11:50:00,358.1,358.15,357.4,357.4,4439
BHARTIARTL,20150109,11:51:00,357.4,357.7,357.4,357.6,4259
BHARTIARTL,20150109,11:52:00,357.6,357.85,357.6,357.65,1966
BHARTIARTL,20150109,11:53:00,357.65,358.25,357.65,358.25,2074
BHARTIARTL,20150109,11:54:00,358.25,358.8,358.25,358.5,2830
BHARTIARTL,20150109,11:55:00,358.5,359,358.5,358.7,7064
BHARTIARTL,20150109,11:56:00,358.7,359,358.7,359,2021
BHARTIARTL,20150109,11:57:00,358.9,359,358.5,358.6,3103
BHARTIARTL,20150109,11:58:00,358.55,358.9,358.55,358.65,5659
BHARTIARTL,20150109,11:59:00,358.5,358.95,358.3,358.75,4444
BHARTIARTL,20150109,12:00:00,358.9,359.15,358.7,359.15,4686
BHARTIARTL,20150109,12:01:00,358.95,359.15,358.65,358.7,5637
BHARTIARTL,20150109,12:02:00,358.7,359.15,358.6,359.05,4296
BHARTIARTL,20150109,12:03:00,359.05,359.4,358.75,358.75,5538
BHARTIARTL,20150109,12:04:00,358.75,358.8,357.7,357.9,8265
BHARTIARTL,20150109,12:05:00,357.85,357.85,356.5,356.5,36387
BHARTIARTL,20150109,12:06:00,356.4,356.5,355.45,356,19938
BHARTIARTL,20150109,12:07:00,356.05,356.65,356.05,356.2,11505
BHARTIARTL,20150109,12:08:00,356.3,356.8,355.35,355.45,9719
BHARTIARTL,20150109,12:09:00,355.4,355.8,355,355,16632
BHARTIARTL,20150109,12:10:00,355,355.2,354,355,34931
BHARTIARTL,20150109,12:11:00,355,355.2,354.9,355.15,16435
BHARTIARTL,20150109,12:12:00,354.9,355.25,354.8,354.85,15662
BHARTIARTL,20150109,12:13:00,354.85,355.4,354.8,354.8,30738
BHARTIARTL,20150109,12:14:00,354.8,355.6,354.3,354.8,22264
BHARTIARTL,20150109,12:15:00,354.8,355,354.65,354.95,12618
BHARTIARTL,20150109,12:16:00,354.9,355.8,354.9,355.7,7377
BHARTIARTL,20150109,12:17:00,355.5,355.95,355.1,355.4,6196
BHARTIARTL,20150109,12:18:00,355.2,355.6,355.2,355.25,5480
BHARTIARTL,20150109,12:19:00,355.25,355.65,355.1,355.6,5827
BHARTIARTL,20150109,12:20:00,355.4,355.4,355.2,355.25,6546
BHARTIARTL,20150109,12:21:00,355.25,355.3,354.95,355,24987
BHARTIARTL,20150109,12:22:00,354.95,355.3,354.95,355.2,4586
BHARTIARTL,20150109,12:23:00,355.15,355.2,355,355,10874
BHARTIARTL,20150109,12:24:00,355,355.2,355,355.2,3699
BHARTIARTL,20150109,12:25:00,355.2,355.2,354.95,354.95,7776
BHARTIARTL,20150109,12:26:00,354.95,355.2,354.95,355,9666
BHARTIARTL,20150109,12:27:00,355,355.4,354.95,354.95,5180
BHARTIARTL,20150109,12:28:00,355,355.1,354.95,354.95,7322
BHARTIARTL,20150109,12:29:00,354.95,355.2,354.95,355,3792
BHARTIARTL,20150109,12:30:00,355,355.45,355,355.25,4269
BHARTIARTL,20150109,12:31:00,355.35,355.35,355.1,355.2,5711
BHARTIARTL,20150109,12:32:00,355.2,355.35,355.2,355.2,5642
BHARTIARTL,20150109,12:33:00,355.25,355.95,355.2,355.65,9335
BHARTIARTL,20150109,12:34:00,355.65,356.8,355.65,356.3,11295
BHARTIARTL,20150109,12:35:00,356.2,356.4,355.75,355.95,6315
BHARTIARTL,20150109,12:36:00,355.9,356.25,355.8,355.95,4174
BHARTIARTL,20150109,12:37:00,355.95,356.15,355.4,355.65,7787
BHARTIARTL,20150109,12:38:00,355.65,355.9,355.65,355.85,3806
BHARTIARTL,20150109,12:39:00,355.8,355.95,355.55,355.9,5861
BHARTIARTL,20150109,12:40:00,355.7,356,355.7,356,4503
BHARTIARTL,20150109,12:41:00,355.75,356.45,355.75,356.45,4268
BHARTIARTL,20150109,12:42:00,356.3,356.55,355.85,355.9,4003
BHARTIARTL,20150109,12:43:00,355.95,356.2,355.3,355.4,4183
BHARTIARTL,20150109,12:44:00,355.6,356,355.6,355.8,3944
BHARTIARTL,20150109,12:45:00,356,356.3,356,356.05,3243
BHARTIARTL,20150109,12:46:00,356.05,356.15,355.65,356,4001
BHARTIARTL,20150109,12:47:00,355.8,356.15,355.8,356.1,2896
BHARTIARTL,20150109,12:48:00,355.9,356.2,355.45,355.6,2967
BHARTIARTL,20150109,12:49:00,355.4,355.65,355.4,355.65,3095
BHARTIARTL,20150109,12:50:00,355.5,355.7,355.4,355.6,3533
BHARTIARTL,20150109,12:51:00,355.6,355.7,355.5,355.6,3753
BHARTIARTL,20150109,12:52:00,355.6,355.7,355,355,6816
BHARTIARTL,20150109,12:53:00,355.05,355.85,355.05,355.85,4317
BHARTIARTL,20150109,12:54:00,355.8,355.85,355.45,355.45,3153
BHARTIARTL,20150109,12:55:00,355.2,355.75,355.1,355.15,5913
BHARTIARTL,20150109,12:56:00,355.05,355.9,355,355.3,11720
BHARTIARTL,20150109,12:57:00,355.1,355.5,355.05,355.05,7257
BHARTIARTL,20150109,12:58:00,355.1,355.4,355.1,355.2,5107
BHARTIARTL,20150109,12:59:00,355.2,355.5,355.15,355.25,4318
BHARTIARTL,20150109,13:00:00,355.4,355.45,355.25,355.25,2714
BHARTIARTL,20150109,13:01:00,355.25,355.45,355,355,7824
BHARTIARTL,20150109,13:02:00,355,355.3,355,355.05,16641
BHARTIARTL,20150109,13:03:00,355,355.05,354.75,354.75,40174
BHARTIARTL,20150109,13:04:00,354.75,354.9,354.75,354.75,13016
BHARTIARTL,20150109,13:05:00,354.85,355.25,354.75,355,27558
BHARTIARTL,20150109,13:06:00,355,355.2,355,355.05,5579
BHARTIARTL,20150109,13:07:00,355,355.2,355,355,2903
BHARTIARTL,20150109,13:08:00,355,355.45,355,355.45,10351
BHARTIARTL,20150109,13:09:00,355.05,355.35,355,355,30788
BHARTIARTL,20150109,13:10:00,354.85,355.15,354.8,355,26986
BHARTIARTL,20150109,13:11:00,355,355.1,354.8,354.85,49162
BHARTIARTL,20150109,13:12:00,354.85,355.35,354.85,355.1,6429
BHARTIARTL,20150109,13:13:00,355.35,355.5,355.05,355.2,4092
BHARTIARTL,20150109,13:14:00,355.45,355.45,355.2,355.3,7236
BHARTIARTL,20150109,13:15:00,355.2,355.3,354.85,355.05,8238
BHARTIARTL,20150109,13:16:00,354.85,355.05,354.2,354.2,17222
BHARTIARTL,20150109,13:17:00,354.2,354.55,354,354.45,5315
BHARTIARTL,20150109,13:18:00,354.2,355,354.1,354.35,6823
BHARTIARTL,20150109,13:19:00,354.3,354.4,354,354,4938
BHARTIARTL,20150109,13:20:00,354,354.95,354,354.8,6165
BHARTIARTL,20150109,13:21:00,354.8,354.9,354.25,354.5,8393
BHARTIARTL,20150109,13:22:00,354.5,354.6,354.4,354.5,12046
BHARTIARTL,20150109,13:23:00,354.5,354.9,354.5,354.75,3783
BHARTIARTL,20150109,13:24:00,354.6,354.9,354.6,354.85,2771
BHARTIARTL,20150109,13:25:00,354.85,355.05,354.3,354.3,13019
BHARTIARTL,20150109,13:26:00,354.5,354.6,354.25,354.6,18622
BHARTIARTL,20150109,13:27:00,354.65,354.9,354.4,354.5,16488
BHARTIARTL,20150109,13:28:00,354.5,354.8,354.5,354.8,3031
BHARTIARTL,20150109,13:29:00,354.85,354.9,354.5,354.6,4249
BHARTIARTL,20150109,13:30:00,354.55,354.8,354.55,354.8,1787
BHARTIARTL,20150109,13:31:00,354.8,354.9,354.5,354.7,3433
BHARTIARTL,20150109,13:32:00,354.6,355,354.4,355,10341
BHARTIARTL,20150109,13:33:00,354.75,355.25,354.75,355.05,14897
BHARTIARTL,20150109,13:34:00,355.05,355.5,355.05,355.4,2812
BHARTIARTL,20150109,13:35:00,355.25,355.65,355.05,355.1,8177
BHARTIARTL,20150109,13:36:00,355,355.3,355,355.3,10189
BHARTIARTL,20150109,13:37:00,355.05,355.45,355.05,355.3,3303
BHARTIARTL,20150109,13:38:00,355.45,355.6,355,355.05,4360
BHARTIARTL,20150109,13:39:00,355.3,355.6,355,355.15,3350
BHARTIARTL,20150109,13:40:00,355.3,355.3,355.2,355.25,3468
BHARTIARTL,20150109,13:41:00,355.4,355.6,354.95,355.25,10281
BHARTIARTL,20150109,13:42:00,355.2,355.35,355.2,355.25,2562
BHARTIARTL,20150109,13:43:00,355.25,355.35,355,355,2544
BHARTIARTL,20150109,13:44:00,355,355.5,355,355.4,2601
BHARTIARTL,20150109,13:45:00,355.5,355.65,355.4,355.4,2879
BHARTIARTL,20150109,13:46:00,355.65,355.7,355.15,355.3,3098
BHARTIARTL,20150109,13:47:00,355.2,355.6,355.2,355.5,2461
BHARTIARTL,20150109,13:48:00,355.45,355.5,355.15,355.4,2980
BHARTIARTL,20150109,13:49:00,355.2,355.6,355.2,355.4,2822
BHARTIARTL,20150109,13:50:00,355.4,355.8,355.4,355.6,4745
BHARTIARTL,20150109,13:51:00,355.5,355.7,355.3,355.55,2790
BHARTIARTL,20150109,13:52:00,355.6,356,355.1,355.1,4292
BHARTIARTL,20150109,13:53:00,355.2,355.75,355.2,355.75,2134
BHARTIARTL,20150109,13:54:00,355.5,355.95,355.5,355.85,2960
BHARTIARTL,20150109,13:55:00,355.9,355.9,355.5,355.5,3299
BHARTIARTL,20150109,13:56:00,355.45,355.65,355.1,355.65,2862
BHARTIARTL,20150109,13:57:00,355.4,355.9,355.4,355.9,3529
BHARTIARTL,20150109,13:58:00,355.6,355.9,354.8,355.1,13801
BHARTIARTL,20150109,13:59:00,355,355.2,355,355.2,10231
BHARTIARTL,20150109,14:00:00,355.2,355.6,355.1,355.55,4786
BHARTIARTL,20150109,14:01:00,355.55,355.6,355.1,355.1,11247
BHARTIARTL,20150109,14:02:00,355.2,355.65,355.1,355.6,4604
BHARTIARTL,20150109,14:03:00,355.6,355.7,355.6,355.65,3947
BHARTIARTL,20150109,14:04:00,355.75,355.85,355.65,355.85,4164
BHARTIARTL,20150109,14:05:00,355.7,356.25,355.7,356.25,7622
BHARTIARTL,20150109,14:06:00,356,357,356,356.9,8549
BHARTIARTL,20150109,14:07:00,356.85,357,356.05,356.4,8105
BHARTIARTL,20150109,14:08:00,356.15,356.75,356,356.15,7498
BHARTIARTL,20150109,14:09:00,356.3,356.65,355.8,356,13326
BHARTIARTL,20150109,14:10:00,355.8,356,355.5,355.8,6170
BHARTIARTL,20150109,14:11:00,355.8,356.15,355.8,356.1,15459
BHARTIARTL,20150109,14:12:00,355.85,356.25,355.85,356,5857
BHARTIARTL,20150109,14:13:00,356,356.95,356,356.95,6586
BHARTIARTL,20150109,14:14:00,356.95,357,356,356.45,8045
BHARTIARTL,20150109,14:15:00,356.45,357,355.85,355.85,8220
BHARTIARTL,20150109,14:16:00,355.85,356.6,355.85,356.5,5260
BHARTIARTL,20150109,14:17:00,356.35,356.8,356.35,356.75,5052
BHARTIARTL,20150109,14:18:00,356.75,357,356.6,356.95,11138
BHARTIARTL,20150109,14:19:00,356.8,357,356.45,356.8,5998
BHARTIARTL,20150109,14:20:00,356.6,356.9,356,356.4,6691
BHARTIARTL,20150109,14:21:00,356.45,356.8,356.15,356.75,6081
BHARTIARTL,20150109,14:22:00,356.55,357.2,356.55,357.2,5270
BHARTIARTL,20150109,14:23:00,357.05,357.7,357.05,357.4,11689
BHARTIARTL,20150109,14:24:00,357.2,357.4,356.65,356.9,6732
BHARTIARTL,20150109,14:25:00,357.15,357.4,356.8,356.85,5344
BHARTIARTL,20150109,14:26:00,356.95,357.2,356.85,357,3656
BHARTIARTL,20150109,14:27:00,356.85,356.9,356.5,356.75,1103
BHARTIARTL,20150109,14:28:00,356.6,356.65,356.45,356.55,666
BHARTIARTL,20150109,14:29:00,356.5,357,356.5,356.7,553
BHARTIARTL,20150109,14:30:00,356.7,356.8,356.45,356.65,731
BHARTIARTL,20150109,14:31:00,356.65,357.25,356.65,357.2,1541
BHARTIARTL,20150109,14:32:00,357,357.35,357,357.35,4384
BHARTIARTL,20150109,14:33:00,357.05,357.05,356.5,356.8,11025
BHARTIARTL,20150109,14:34:00,356.7,356.95,356.6,356.95,1499
BHARTIARTL,20150109,14:35:00,356.95,357,356.5,356.8,2097
BHARTIARTL,20150109,14:36:00,356.8,357.2,356.8,356.8,2482
BHARTIARTL,20150109,14:37:00,356.8,356.9,356.7,356.9,1477
BHARTIARTL,20150109,14:38:00,356.7,356.8,356.7,356.75,256
BHARTIARTL,20150109,14:39:00,356.65,356.9,356.6,356.9,1750
BHARTIARTL,20150109,14:40:00,356.7,356.7,356.6,356.65,1873
BHARTIARTL,20150109,14:41:00,356.85,356.85,356.6,356.6,958
BHARTIARTL,20150109,14:42:00,356.65,356.9,356.65,356.8,1070
BHARTIARTL,20150109,14:43:00,356.85,357,356.85,356.95,3172
BHARTIARTL,20150109,14:44:00,356.95,357.15,356.9,357.1,956
BHARTIARTL,20150109,14:45:00,357.1,357.1,356.75,356.75,4958
BHARTIARTL,20150109,14:46:00,356.75,357,356.75,356.8,1097
BHARTIARTL,20150109,14:47:00,356.85,356.9,356.5,356.5,1557
BHARTIARTL,20150109,14:48:00,356.5,357.05,356.45,356.9,2624
BHARTIARTL,20150109,14:49:00,356.9,357.1,356.9,357.1,1120
BHARTIARTL,20150109,14:50:00,357.05,357.15,357,357.15,4952
BHARTIARTL,20150109,14:51:00,357.05,357.35,357.05,357.2,1888
BHARTIARTL,20150109,14:52:00,357.3,357.5,357.25,357.25,3336
BHARTIARTL,20150109,14:53:00,357.25,357.75,357.2,357.5,5805
BHARTIARTL,20150109,14:54:00,357.55,357.75,357.55,357.65,2190
BHARTIARTL,20150109,14:55:00,357.55,357.65,357.2,357.3,3102
BHARTIARTL,20150109,14:56:00,357.2,357.25,357,357.25,1976
BHARTIARTL,20150109,14:57:00,357.15,357.35,356.5,357.25,9656
BHARTIARTL,20150109,14:58:00,357.25,357.4,357.1,357.25,6638
BHARTIARTL,20150109,14:59:00,357.25,357.4,357.25,357.25,5450
BHARTIARTL,20150109,15:00:00,357.2,357.5,357.2,357.5,3597
BHARTIARTL,20150109,15:01:00,357.4,357.5,357.25,357.3,10350
BHARTIARTL,20150109,15:02:00,357.25,357.35,357,357,28482
BHARTIARTL,20150109,15:03:00,357,357.35,356.65,357.35,20072
BHARTIARTL,20150109,15:04:00,357.25,357.25,356.4,357.05,24775
BHARTIARTL,20150109,15:05:00,357,357.1,356.3,356.3,6794
BHARTIARTL,20150109,15:06:00,356.25,356.3,355.95,356.3,9910
BHARTIARTL,20150109,15:07:00,356.2,356.3,355.2,356.3,10499
BHARTIARTL,20150109,15:08:00,356.25,356.35,355.55,356.35,8428
BHARTIARTL,20150109,15:09:00,356.25,356.4,355.85,355.85,7745
BHARTIARTL,20150109,15:10:00,355.85,356,355.65,355.9,9660
BHARTIARTL,20150109,15:11:00,355.7,356.9,355.7,356.4,18599
BHARTIARTL,20150109,15:12:00,356.4,356.4,355.95,356.1,10656
BHARTIARTL,20150109,15:13:00,356.05,356.6,355.95,356.35,12732
BHARTIARTL,20150109,15:14:00,356.2,356.2,355.7,355.8,15526
BHARTIARTL,20150109,15:15:00,355.8,355.8,355.55,355.6,7619
BHARTIARTL,20150109,15:16:00,355.55,355.7,355.5,355.5,8679
BHARTIARTL,20150109,15:17:00,355.5,355.55,355,355.05,18828
BHARTIARTL,20150109,15:18:00,355.1,355.35,355,355,15047
BHARTIARTL,20150109,15:19:00,355,355.3,355,355.05,9535
BHARTIARTL,20150109,15:20:00,355.05,355.15,355,355.05,17279
BHARTIARTL,20150109,15:21:00,355.3,355.35,355.1,355.3,8656
BHARTIARTL,20150109,15:22:00,355.3,355.85,355.15,355.85,19698
BHARTIARTL,20150109,15:23:00,355.85,356,355.8,355.95,12771
BHARTIARTL,20150109,15:24:00,356,356.25,355.9,356.1,10855
BHARTIARTL,20150109,15:25:00,356.05,356.1,355.7,355.7,10913
BHARTIARTL,20150109,15:26:00,355.7,355.7,355.1,355.1,7410
BHARTIARTL,20150109,15:27:00,355.15,355.2,355,355,10761
BHARTIARTL,20150109,15:28:00,355.05,355.1,355,355,18854
BHARTIARTL,20150109,15:29:00,355,355.25,355,355.05,13264
BHARTIARTL,20150109,15:30:00,355,355.15,354,354,72285
